04 09 14 25 27 06 11 14566752
04 18 21 30 35 02 11 14565024
01 04 09 10 35 09 11 14562432
01 16 22 29 30 02 09 14560704
04 11 15 20 26 08 09 14558976
05 10 13 27 33 08 11 14556384
11 18 24 28 29 05 10 14554656
03 10 22 29 32 02 05 14546880
01 04 10 13 30 03 09 14544288
06 08 21 24 27 02 10 14542560
03 21 23 31 35 02 11 14540832
05 07 11 23 28 03 12 14538240
02 08 10 15 23 05 10 14536512
12 13 15 16 28 02 05 14534784
05 08 10 17 20 02 12 14532192
05 12 31 34 35 04 05 14530464
02 05 14 32 35 01 03 14528736
14 16 17 22 24 02 09 14526144
06 09 12 15 20 08 11 14524416
10 20 23 32 35 09 10 14522688
04 12 17 22 26 06 07 14520096
07 12 18 25 35 07 09 14518368
01 07 19 20 30 05 10 14516640
01 07 22 27 33 02 11 14514048
04 05 22 29 35 02 11 14512320
15 16 18 30 35 01 07 14510592
04 13 18 25 33 03 07 14508000
04 06 10 12 28 02 08 14506272
08 11 27 31 33 08 09 14504544
01 02 13 18 19 08 10 14501952
04 15 19 27 31 04 11 14500224
06 07 20 29 32 11 12 14498496
01 09 24 26 29 06 11 14495904
09 20 31 33 35 10 11 14494176
12 14 22 26 30 03 06 14492448
02 04 15 19 31 02 03 14489856
01 11 15 26 35 06 11 14488128
02 03 05 25 32 05 07 14486400
01 16 20 29 32 04 07 14483808
14 17 21 23 26 08 11 14482080
05 20 23 29 32 02 10 14480352
05 16 20 25 29 06 08 14477760
01 02 06 15 35 04 07 14476032
03 07 08 25 30 04 08 14474304
03 08 14 18 27 01 05 14471712
11 17 19 20 27 02 03 14469984
17 25 31 32 34 02 12 14468256
01 06 23 25 29 03 09 14465664
10 12 23 30 32 03 04 14463936
09 11 14 19 30 03 08 14462208
04 05 08 09 21 03 06 14459616
02 03 15 17 28 08 10 14457888
04 06 12 31 32 03 06 14456160
04 15 27 29 30 02 10 14453568
11 13 15 26 35 06 11 14451840
02 04 17 27 28 04 06 14450112
01 09 15 24 32 05 10 14447520
01 08 12 16 21 06 11 14445792
03 07 20 24 31 04 09 14444064
06 17 20 30 33 10 11 14441472
07 10 19 24 33 03 07 14439744
08 12 13 14 16 03 09 14438016
09 18 24 31 34 02 10 14435424
01 14 21 29 33 02 10 14433696
04 05 15 19 28 04 11 14431968
07 08 16 24 28 03 10 14429376
02 07 10 22 30 07 11 14427648
01 06 11 22 31 03 12 14425920
01 13 16 26 31 07 12 14423328
03 23 25 28 29 06 07 14421600
02 11 13 22 30 02 03 14419872
08 09 15 21 27 05 09 14417280
16 19 25 30 34 04 09 14415552
07 09 15 25 34 04 10 14413824
11 14 15 33 34 03 12 14411232
06 12 17 18 32 07 12 14409504
09 15 18 23 32 05 07 14407776
09 12 14 22 25 05 10 14405184
09 14 21 27 33 06 09 14403456
04 16 17 26 27 01 04 14401728
03 09 12 18 21 02 06 14399136
08 14 26 34 35 05 10 14397408
02 03 10 11 29 03 07 14395680
16 17 25 26 27 02 04 14393088
02 14 21 27 34 05 08 14391360
02 07 28 29 30 03 07 14389632
06 09 11 17 21 06 08 14387040
05 12 18 20 27 10 12 14385312
05 15 28 31 34 11 12 14383584
02 05 15 17 22 01 11 14380992
05 09 11 15 32 04 09 14379264
02 03 04 06 16 03 12 14377536
10 20 21 32 34 06 07 14374944
14 16 19 25 29 10 12 14373216
08 15 28 31 33 03 06 14371488
03 04 10 13 17 05 09 14368896
14 20 29 30 32 03 08 14367168
01 09 17 23 24 04 05 14365440
19 24 26 28 33 01 02 14362848
01 16 17 22 28 02 09 14361120
03 19 21 31 34 05 12 14359392
13 14 26 27 33 10 12 14356800
01 12 21 27 33 04 09 14355072
09 26 27 30 34 01 06 14353344
19 20 21 31 33 09 10 14350752
04 06 13 16 34 04 10 14349024
03 09 12 17 18 04 12 14347296
02 09 11 22 25 01 07 14344704
02 03 20 31 35 04 08 14342976
04 10 18 24 27 04 11 14341248
01 03 07 13 29 02 10 14338656
04 05 07 13 35 08 11 14336928
02 08 20 28 31 07 10 14335200
01 04 06 34 35 02 04 14332608
06 07 13 14 15 01 04 14330880
06 07 08 16 22 02 10 14329152
16 24 25 26 33 04 11 14326560
07 09 19 23 32 01 03 14324832
10 14 20 27 30 07 12 14323104
01 05 07 14 26 04 06 14320512
06 12 19 26 35 03 10 14318784
06 11 14 20 30 05 10 14317056
02 09 15 24 34 03 09 14314464
08 25 28 29 32 04 07 14312736
13 19 24 27 29 07 08 14311008
01 02 11 16 21 01 05 14308416
06 07 10 20 28 02 07 14306688
08 09 11 15 22 08 10 14304960
10 11 22 24 33 02 09 14302368
01 02 17 23 31 05 12 14300640
05 07 10 22 26 04 10 14298912
08 09 22 29 30 08 12 14296320
16 18 27 31 33 01 03 14294592
02 20 22 25 29 02 07 14292864
03 07 12 17 24 02 11 14290272
01 11 21 23 28 01 10 14288544
02 09 10 23 35 09 12 14286816
03 06 07 16 25 01 06 14284224
12 19 22 31 35 07 08 14282496
10 16 21 28 31 07 08 14280768
14 18 20 23 24 04 08 14278176
22 24 29 30 35 01 10 14276448
04 08 15 18 26 05 09 14274720
03 17 22 26 28 03 07 14272128
06 21 25 27 30 07 11 14270400
07 21 29 32 33 04 12 14268672
09 18 19 26 31 02 05 14266080
07 10 19 30 35 03 05 14264352
03 09 28 32 33 09 10 14262624
05 21 22 25 28 03 10 14260032
11 13 14 15 22 02 08 14258304
07 10 20 22 27 10 11 14256576
02 06 08 16 34 03 04 14253984
06 09 11 12 22 03 11 14252256
09 11 14 15 26 11 12 14250528
22 23 24 26 31 05 06 14247936
11 26 28 29 32 01 04 14240160
02 08 16 22 24 01 03 14238432
04 07 10 23 31 03 07 14235840
07 13 16 17 29 01 07 14234112
06 07 16 20 34 09 11 14232384
01 05 13 17 32 04 11 14229792
08 16 25 29 35 03 10 14228064
11 15 25 28 35 07 10 14226336
03 04 06 11 31 05 09 14223744
04 13 22 25 30 01 06 14222016
02 06 17 30 35 02 07 14220288
17 22 26 27 33 06 10 14217696
07 10 11 15 17 03 10 14215968
02 07 08 14 31 04 08 14214240
06 08 30 32 33 03 07 14211648
11 14 15 18 19 07 08 14209920
03 12 14 18 28 05 06 14208192
12 19 27 28 34 01 12 14205600
03 14 20 26 32 06 10 14203872
08 09 19 27 30 06 07 14202144
05 12 17 23 28 02 09 14199552
01 08 13 24 32 05 10 14197824
05 12 18 24 33 01 05 14196096
03 08 26 31 32 08 12 14193504
19 21 30 33 35 05 07 14191776
02 13 19 26 35 01 05 14190048
03 09 10 11 20 07 09 14187456
05 09 14 26 34 02 09 14185728
02 16 23 24 28 10 11 14184000
15 19 22 24 26 10 11 14181408
01 21 24 25 35 04 11 14179680
01 11 14 18 25 06 10 14177952
18 21 25 28 30 04 06 14175360
04 17 20 26 29 05 08 14173632
01 19 20 25 34 07 12 14171904
03 05 07 15 34 01 10 14169312
01 07 29 32 34 09 12 14167584
02 11 16 22 34 02 05 14165856
04 18 20 34 35 07 11 14163264
20 26 28 30 35 09 12 14161536
02 05 07 11 32 09 12 14159808
02 08 12 14 18 04 12 14157216
01 03 04 19 32 01 07 14155488
03 16 19 23 27 03 07 14153760
02 18 31 32 33 05 07 14151168
07 22 28 30 32 05 06 14149440
02 04 16 22 34 08 11 14147712
02 04 06 15 19 02 11 14145120
02 09 22 30 34 09 10 14143392
12 15 19 23 31 04 10 14141664
01 03 28 29 35 08 12 14139072
01 09 12 22 25 02 09 14137344
03 10 25 26 35 01 07 14135616
13 16 18 22 32 08 10 14133024
01 04 06 18 33 05 11 14131296
04 08 09 13 18 08 12 14129568
02 03 23 24 26 05 11 14126976
03 14 17 18 33 06 09 14125248
06 13 15 24 27 04 05 14123520
01 05 26 29 30 02 10 14120928
03 16 24 30 33 05 08 14119200
02 13 17 19 23 01 06 14117472
03 05 14 18 32 02 10 14114880
11 16 18 20 29 03 04 14113152
09 18 19 22 24 08 11 14111424
15 18 20 21 23 01 02 14108832
01 02 13 23 35 09 12 14107104
05 13 14 21 34 08 10 14105376
05 09 11 20 22 05 11 14102784
04 10 26 29 32 04 08 14101056
07 13 14 28 32 04 11 14099328
14 20 23 25 26 10 12 14096736
01 07 14 19 20 03 12 14095008
09 10 12 17 28 03 11 14093280
02 04 08 12 35 01 07 14090688
15 21 22 23 33 01 07 14088960
16 18 22 25 35 03 10 14087232
03 15 20 21 23 07 09 14084640
03 07 21 23 31 05 10 14082912
06 22 30 31 34 05 06 14081184
13 14 24 25 34 04 07 14078592
03 08 30 32 34 09 11 14076864
02 18 27 30 32 05 11 14075136
10 16 18 29 32 02 07 14072544
02 03 20 23 28 06 08 14070816
02 08 12 29 30 07 12 14069088
07 13 20 25 26 08 11 14066496
04 07 31 33 35 09 10 14064768
06 08 27 29 35 03 09 14063040
06 12 13 25 29 11 12 14060448
02 07 09 11 28 05 09 14058720
18 20 24 33 35 05 10 14056992
01 08 18 23 25 08 12 14054400
03 05 08 10 25 09 12 14052672
17 20 23 25 27 03 10 14050944
09 10 20 31 32 06 10 14048352
10 15 16 22 28 04 05 14046624
09 16 26 31 32 01 05 14044896
05 10 19 31 32 09 10 14042304
05 07 29 32 35 04 10 14040576
06 11 22 27 30 05 11 14038848
04 05 07 13 35 05 06 14036256
17 19 22 24 30 02 09 14034528
04 14 15 22 23 01 07 14032800
01 02 07 10 32 04 12 14030208
16 22 27 29 31 02 09 14028480
05 15 24 29 35 05 06 14026752
03 18 23 24 31 03 07 14024160
08 14 16 20 31 03 11 14022432
07 12 19 31 33 07 12 14020704
08 15 33 34 35 01 08 14018112
11 17 21 23 34 03 04 14016384
04 07 17 24 25 02 04 14014656
04 11 17 20 29 06 10 14012064
12 22 29 30 34 05 11 14010336
07 15 17 25 29 04 11 14008608
09 15 22 24 26 02 07 14006016
08 10 20 27 33 01 09 14004288
12 18 28 29 35 07 08 14002560
04 23 26 27 35 10 11 13999968
02 03 20 25 34 01 12 13998240
02 11 17 27 30 03 04 13996512
14 19 21 24 30 02 07 13993920
01 07 11 29 30 03 11 13992192
10 18 27 28 35 01 06 13990464
03 15 17 22 31 03 05 13987872
01 02 05 15 35 01 11 13986144
06 17 18 30 34 06 12 13984416
03 15 18 21 26 01 06 13981824
06 10 12 16 30 02 11 13980096
22 23 25 27 35 03 11 13978368
01 11 23 29 30 01 12 13975776
16 21 25 27 35 06 11 13974048
05 07 11 15 18 05 12 13972320
12 15 21 30 33 02 08 13969728
02 05 11 15 20 08 11 13968000
07 08 12 20 32 03 05 13966272
03 04 08 19 34 02 04 13963680
01 02 12 17 29 03 08 13961952
09 12 14 28 29 03 10 13960224
03 11 14 27 32 05 07 13957632
01 07 08 28 29 04 08 13955904
02 05 06 09 31 02 09 13954176
06 15 27 32 33 03 04 13951584
03 14 18 29 35 11 12 13949856
03 21 22 23 35 05 09 13948128
03 10 20 25 30 10 12 13945536
09 10 24 28 29 10 12 13943808
05 10 12 15 26 04 08 13942080
19 20 27 32 34 06 08 13939488
07 11 15 31 32 06 11 13937760
04 13 15 29 33 05 09 13936032
03 06 10 16 25 10 11 13933440
06 10 17 23 24 03 09 13931712
01 14 17 30 35 06 07 13929984
07 12 22 29 32 11 12 13927392
08 09 12 28 34 02 12 13925664
05 10 11 23 34 01 10 13923936
04 06 13 24 34 04 09 13921344
04 06 18 20 30 05 07 13919616
01 09 11 27 29 03 11 13917888
10 11 13 22 28 04 12 13909248
09 20 21 23 29 05 07 13907520
04 06 14 24 35 07 12 13905792
05 10 20 26 27 01 03 13903200
10 18 25 29 33 07 08 13901472
11 13 20 28 35 01 05 13899744
08 11 14 21 32 03 11 13897152
01 04 07 16 35 06 08 13895424
15 17 18 29 33 04 08 13893696
07 10 19 27 28 09 12 13891104
07 11 13 21 33 05 06 13889376
01 12 21 24 29 01 07 13887648
05 13 20 23 29 08 11 13885056
04 05 16 17 30 03 09 13883328
09 12 14 18 19 03 09 13881600
02 13 21 27 30 03 04 13879008
06 07 14 18 22 08 11 13877280
06 07 08 09 13 05 07 13875552
02 05 09 29 32 03 07 13872960
03 09 22 24 25 05 09 13871232
06 07 15 25 31 01 09 13869504
02 13 15 18 20 02 11 13866912
03 20 21 23 35 02 08 13865184
03 08 14 21 31 06 08 13863456
06 11 25 28 29 04 12 13860864
05 15 18 25 31 08 10 13859136
01 12 17 26 28 01 06 13857408
05 06 18 20 31 06 07 13854816
03 08 13 17 24 07 09 13853088
04 12 32 33 34 06 08 13851360
05 11 15 25 28 05 11 13848768
04 13 19 25 26 07 12 13847040
02 13 19 23 32 02 09 13845312
02 08 10 16 17 09 12 13842720
23 26 28 31 34 02 10 13840992
12 15 29 30 31 04 12 13839264
08 09 15 19 30 06 09 13836672
11 23 29 30 33 01 04 13834944
11 13 27 33 35 01 02 13833216
03 14 16 19 32 05 10 13830624
09 10 15 18 30 03 06 13828896
04 08 14 23 28 04 08 13827168
05 07 18 21 32 10 11 13824576
02 09 10 33 34 05 12 13822848
15 17 20 24 35 04 12 13821120
03 18 19 20 24 03 12 13818528
06 14 15 22 26 03 11 13816800
01 02 16 23 35 01 11 13815072
04 06 11 20 31 01 05 13812480
05 16 23 25 33 07 12 13810752
13 22 23 30 33 09 11 13809024
05 16 29 32 34 04 11 13806432
06 17 21 23 33 01 09 13804704
19 21 23 28 30 08 12 13802976
02 10 20 22 29 05 12 13800384
07 12 13 20 27 01 03 13798656
07 16 18 32 33 02 07 13796928
13 20 26 29 32 02 06 13794336
05 10 13 15 18 02 11 13792608
07 13 14 18 25 05 12 13790880
06 07 12 13 27 03 12 13788288
07 13 27 30 34 01 12 13786560
02 05 11 27 29 01 11 13784832
05 08 13 16 31 03 09 13782240
06 12 15 19 26 02 11 13780512
04 09 13 15 32 02 09 13778784
09 12 24 26 30 05 09 13776192
04 11 28 30 33 05 12 13774464
02 06 16 29 34 10 11 13772736
07 08 13 17 32 03 08 13770144
17 19 20 22 26 06 08 13768416
03 17 28 30 33 01 10 13766688
03 28 33 34 35 06 09 13764096
01 05 17 18 26 05 07 13762368
07 10 21 27 33 03 09 13760640
04 09 28 34 35 02 08 13758048
02 26 30 31 33 11 12 13756320
06 07 23 24 29 04 11 13754592
03 05 08 33 35 01 03 13752000
09 12 22 32 34 02 04 13750272
09 16 26 29 31 06 09 13748544
08 19 23 27 32 03 05 13745952
08 22 26 29 35 01 05 13744224
26 29 30 32 35 04 10 13742496
03 09 25 26 33 03 12 13739904
07 09 15 17 23 02 07 13738176
06 21 23 27 31 04 06 13736448
09 10 17 21 34 01 07 13733856
02 07 23 31 33 02 08 13732128
24 26 30 32 35 06 12 13730400
13 15 16 26 27 09 10 13727808
01 11 13 19 35 07 08 13726080
06 14 20 24 32 01 07 13724352
03 05 23 27 31 02 06 13721760
12 27 28 33 35 03 05 13720032
13 19 26 27 28 03 11 13718304
09 12 18 21 29 01 08 13715712
06 12 13 16 30 07 12 13713984
10 17 27 34 35 05 07 13712256
02 03 05 08 29 10 12 13709664
06 07 13 33 34 02 11 13707936
09 28 31 34 35 02 09 13706208
21 24 26 28 32 01 03 13703616
03 05 11 27 28 05 06 13701888
01 05 08 09 12 09 12 13700160
01 14 18 21 32 05 10 13697568
15 25 26 32 35 05 10 13695840
03 08 11 24 27 07 12 13694112
20 21 27 31 35 07 11 13691520
07 15 27 33 35 07 10 13689792
11 22 30 32 35 03 04 13688064
04 05 22 23 24 03 09 13685472
05 08 21 30 32 01 08 13683744
13 31 33 34 35 05 07 13682016
01 02 10 29 31 01 10 13679424
05 08 15 18 33 07 08 13677696
14 22 30 32 33 07 08 13675968
18 22 25 31 32 04 06 13673376
10 11 23 32 33 01 04 13671648
12 20 28 30 35 03 11 13669920
15 16 19 25 32 05 11 13667328
08 11 12 21 25 02 07 13665600
07 11 13 18 28 05 10 13663872
07 13 25 34 35 07 09 13661280
02 06 22 23 33 01 06 13659552
03 13 14 15 34 05 08 13657824
16 17 22 26 35 03 10 13655232
06 23 30 33 35 07 10 13653504
01 19 24 25 26 07 09 13651776
02 26 31 32 34 06 08 13649184
08 12 32 33 35 03 05 13647456
05 14 28 32 34 07 08 13645728
01 03 11 19 29 04 08 13643136
12 18 22 28 31 01 11 13641408
12 27 28 33 35 01 08 13639680
12 17 18 26 32 10 11 13637088
03 05 09 10 28 05 07 13635360
05 07 17 25 26 04 10 13633632
13 19 28 30 34 08 12 13631040
03 12 14 24 35 03 08 13629312
02 10 16 30 33 05 06 13627584
03 23 25 26 28 10 12 13624992
09 12 14 18 24 01 04 13623264
05 19 24 26 35 05 07 13621536
03 04 13 17 23 03 08 13618944
23 24 28 30 33 01 11 13617216
06 11 20 31 32 05 09 13615488
06 12 17 29 30 07 11 13612896
20 23 31 33 34 03 09 13611168
11 14 22 29 34 05 11 13609440
05 15 19 27 32 08 09 13600800
14 15 26 32 33 01 11 13599072
05 08 25 29 31 02 04 13597344
13 15 29 30 35 01 11 13594752
01 14 31 32 34 02 11 13593024
01 02 08 15 23 06 09 13591296
09 15 17 18 29 09 11 13588704
10 17 19 27 29 05 12 13586976
02 07 25 29 34 03 06 13585248
14 29 32 33 34 03 06 13582656
08 20 25 31 32 05 07 13580928
18 22 26 28 31 10 12 13579200
07 08 12 20 25 03 07 13576608
01 16 18 21 31 09 12 13574880
04 20 27 31 32 06 12 13573152
06 09 11 31 32 05 11 13570560
03 26 27 31 32 03 09 13568832
08 09 10 13 22 05 10 13567104
04 17 26 33 34 02 08 13564512
03 19 20 24 33 03 04 13562784
02 14 18 24 31 02 03 13561056
02 10 23 33 34 05 10 13558464
04 16 27 29 34 06 11 13556736
02 03 17 19 33 02 09 13555008
01 10 13 17 26 06 08 13552416
05 22 31 33 35 06 09 13550688
11 13 14 21 29 01 10 13548960
09 27 29 30 31 03 06 13546368
15 19 29 34 35 07 10 13544640
03 11 19 23 34 02 12 13542912
07 17 27 28 29 09 10 13540320
09 10 12 22 25 04 11 13538592
13 17 27 31 33 06 12 13536864
03 12 20 21 27 01 06 13534272
02 23 29 30 31 01 04 13532544
03 05 17 18 33 06 07 13530816
01 06 18 32 35 02 07 13528224
05 07 13 29 30 01 05 13526496
05 08 21 25 33 01 11 13524768
02 16 18 27 30 08 12 13522176
14 19 23 29 30 06 07 13520448
01 07 21 28 31 03 09 13518720
09 10 19 30 31 04 11 13516128
12 13 14 25 35 10 12 13514400
13 14 21 28 29 05 10 13512672
06 14 17 22 35 01 02 13510080
07 11 19 20 35 05 10 13508352
05 08 18 30 33 01 09 13506624
23 24 25 29 31 03 12 13504032
07 18 20 29 30 05 06 13502304
02 10 21 23 29 03 04 13500576
05 06 09 19 32 06 09 13497984
05 17 25 30 33 01 12 13496256
01 12 18 21 33 07 08 13494528
01 11 18 20 22 07 10 13491936
01 06 13 19 23 06 09 13490208
03 06 21 33 35 01 07 13488480
03 10 22 27 29 03 12 13485888
01 02 28 31 35 05 07 13484160
01 24 25 30 33 04 11 13482432
01 11 17 19 26 05 12 13479840
01 22 30 32 35 09 11 13478112
06 07 12 24 35 02 06 13476384
04 07 09 22 33 01 03 13473792
15 23 25 29 31 09 10 13472064
05 06 14 15 31 06 08 13470336
16 18 24 25 27 04 09 13467744
02 09 18 23 24 01 04 13466016
02 04 06 13 35 04 08 13464288
02 05 08 09 31 03 07 13461696
07 09 13 19 27 01 03 13459968
12 18 24 25 32 02 12 13458240
02 11 28 29 30 06 12 13455648
09 17 24 29 32 01 02 13453920
05 10 19 24 35 08 09 13452192
06 09 22 27 30 08 12 13449600
02 14 23 32 35 01 10 13447872
02 16 21 31 33 04 11 13446144
08 09 23 25 31 02 12 13443552
03 10 28 31 33 01 09 13441824
02 21 27 29 33 02 10 13440096
06 12 21 29 32 06 11 13437504
13 17 24 30 35 02 10 13435776
01 06 07 21 31 04 11 13434048
03 20 25 29 32 05 10 13431456
07 18 29 31 33 10 12 13429728
21 24 27 29 31 01 02 13428000
16 19 28 29 31 05 08 13425408
02 04 09 10 15 08 10 13423680
10 16 17 30 35 01 08 13421952
11 12 14 25 28 02 05 13419360
01 05 25 32 33 01 10 13417632
01 02 23 25 35 05 12 13415904
10 30 32 33 34 02 03 13413312
02 14 16 22 24 02 05 13411584
07 09 10 18 22 05 10 13409856
10 22 23 30 32 01 07 13407264
18 23 29 33 34 02 07 13405536
04 08 17 22 25 04 10 13403808
13 23 29 31 34 06 08 13401216
09 22 23 32 34 06 08 13399488
02 04 22 25 34 02 11 13397760
01 21 31 32 35 03 06 13395168
20 22 27 30 33 01 02 13393440
01 20 25 29 33 04 06 13391712
10 22 28 29 34 05 11 13389120
09 12 13 15 30 09 10 13387392
11 25 26 29 35 01 02 13385664
21 32 33 34 35 08 09 13383072
05 10 14 27 33 07 09 13381344
02 16 21 24 30 06 10 13379616
09 13 19 21 27 03 04 13377024
13 21 29 31 35 04 12 13375296
01 02 14 33 34 03 05 13373568
11 21 23 26 34 07 09 13370976
07 22 26 32 33 01 08 13369248
01 16 18 27 30 10 11 13367520
11 12 26 28 31 07 12 13364928
10 20 26 31 33 10 12 13363200
01 02 17 18 33 05 12 13361472
13 17 22 28 29 01 10 13358880
09 18 22 27 31 10 12 13357152
06 09 26 30 35 05 06 13355424
05 07 17 30 34 03 10 13352832
04 08 19 23 27 04 11 13351104
05 11 17 20 28 11 12 13349376
03 04 14 32 35 01 02 13346784
01 06 25 31 34 03 09 13345056
07 24 27 28 35 07 12 13343328
01 02 13 22 23 02 10 13340736
02 13 23 28 29 01 05 13339008
15 21 22 24 35 01 05 13337280
11 23 25 31 35 01 03 13334688
09 13 27 31 35 03 10 13332960
01 09 20 30 31 08 12 13331232
01 04 30 32 35 08 12 13328640
01 08 15 16 29 08 09 13326912
08 13 19 27 32 01 08 13325184
07 08 16 26 34 07 11 13322592
19 21 23 25 30 03 08 13320864
03 21 22 26 32 01 03 13319136
04 07 08 18 29 07 10 13316544
10 12 15 33 34 03 10 13314816
03 10 11 22 31 05 07 13313088
10 11 22 23 29 02 09 13310496
01 02 05 12 27 04 07 13308768
03 11 17 21 30 03 07 13307040
07 09 17 29 35 09 10 13304448
07 12 20 33 35 01 10 13302720
10 15 21 31 34 07 08 13300992
12 14 27 29 34 03 06 13298400
07 09 17 30 34 01 12 13296672
03 10 14 29 31 04 08 13294944
06 11 22 29 34 03 12 13292352
05 14 20 29 31 08 12 13290624
12 13 24 26 33 06 08 13288896
10 14 24 30 32 01 12 13286304
07 08 11 12 24 01 02 13284576
06 18 22 30 35 02 07 13282848
05 19 22 29 30 02 04 13280256
25 26 29 32 34 05 07 13278528
06 14 20 29 35 09 10 13270752
06 08 30 31 32 01 11 13268160
04 05 13 17 25 07 10 13266432
03 20 22 25 27 01 09 13264704
01 02 29 31 33 07 12 13262112
10 11 22 31 32 06 07 13260384
16 22 24 33 34 03 10 13258656
03 11 14 26 29 07 08 13256064
07 27 28 32 33 01 12 13254336
04 12 16 20 28 08 11 13252608
06 22 29 30 35 03 05 13250016
01 04 06 21 35 02 11 13248288
07 11 14 20 27 03 10 13246560
13 22 30 33 34 06 12 13243968
02 07 12 29 31 03 05 13242240
07 10 11 26 31 03 04 13240512
01 15 16 27 28 02 07 13237920
09 13 19 29 34 02 11 13236192
07 15 19 24 29 04 06 13234464
07 18 24 28 33 02 03 13231872
08 09 12 25 33 07 10 13230144
04 26 30 33 34 04 06 13228416
02 11 19 22 35 10 12 13225824
01 12 32 33 34 09 11 13224096
04 06 10 15 16 03 04 13222368
17 23 26 30 32 06 12 13219776
02 15 18 23 31 01 02 13218048
08 09 11 19 33 03 12 13216320
06 22 29 33 35 03 12 13213728
01 10 12 14 17 09 10 13212000
04 11 23 26 35 03 12 13210272
12 14 16 19 33 02 09 13207680
03 05 12 18 33 07 11 13205952
08 09 13 23 35 11 12 13204224
01 07 13 18 23 04 08 13201632
03 04 06 11 13 01 02 13199904
01 11 22 26 29 05 08 13198176
07 17 29 30 33 10 12 13195584
07 10 27 34 35 10 12 13193856
08 12 14 20 25 06 08 13192128
10 14 18 19 35 01 06 13189536
03 08 23 24 34 05 12 13187808
02 03 30 31 33 03 09 13186080
20 25 26 30 31 09 10 13183488
04 15 20 26 31 06 12 13181760
04 07 11 32 35 05 07 13180032
10 12 28 32 33 03 05 13177440
10 15 18 19 26 07 12 13175712
17 26 30 31 35 06 11 13173984
06 08 17 27 35 02 11 13171392
04 05 07 10 12 04 05 13169664
06 17 28 32 33 08 12 13167936
02 11 13 23 31 11 12 13165344
30 31 33 34 35 04 07 13163616
01 11 12 22 34 08 10 13161888
07 15 18 24 28 01 07 13159296
02 06 18 30 32 01 08 13157568
01 09 29 30 35 05 09 13155840
02 11 26 32 33 05 12 13153248
07 19 27 28 34 02 05 13151520
03 04 26 29 34 01 03 13149792
19 24 28 31 34 04 12 13147200
05 12 20 28 30 03 07 13145472
08 11 13 28 33 08 09 13143744
02 06 09 12 20 05 08 13141152
06 07 28 33 35 01 10 13139424
04 19 28 31 33 11 12 13137696
03 08 20 24 25 01 02 13135104
09 12 17 19 29 06 11 13133376
11 21 22 32 34 04 08 13131648
04 06 08 19 31 10 11 13129056
10 17 19 32 33 01 12 13127328
11 17 23 29 30 06 08 13125600
02 04 29 30 34 05 08 13123008
05 06 23 27 34 03 04 13121280
20 21 27 29 35 03 08 13119552
06 13 20 25 34 07 09 13116960
04 05 06 09 15 01 06 13115232
02 17 19 21 22 03 10 13113504
14 29 31 34 35 01 12 13110912
06 08 18 20 24 04 08 13109184
07 20 25 30 32 05 09 13107456
04 13 20 21 35 02 09 13104864
05 12 30 31 32 01 03 13103136
01 03 23 30 31 02 10 13101408
04 09 16 27 30 02 06 13098816
05 08 19 33 34 01 12 13097088
18 23 25 29 30 01 02 13095360
06 09 20 23 28 06 10 13092768
07 16 23 28 31 03 06 13091040
13 19 20 22 33 05 11 13089312
03 11 13 20 35 03 08 13086720
27 31 33 34 35 04 06 13084992
09 19 22 29 30 02 08 13083264
03 05 28 29 33 04 12 13080672
01 13 16 18 32 07 09 13078944
10 17 22 24 32 03 10 13077216
06 13 18 20 33 09 10 13074624
03 11 14 25 34 01 04 13072896
01 06 27 30 34 01 06 13071168
10 17 18 26 32 01 05 13068576
06 10 17 20 21 03 07 13066848
06 07 16 18 20 04 10 13065120
03 25 29 32 34 09 10 13062528
09 16 21 29 34 07 10 13060800
01 09 27 32 33 03 06 13059072
07 11 30 31 34 09 12 13056480
03 05 29 30 31 08 10 13054752
01 07 31 32 35 02 10 13053024
05 09 16 26 35 03 10 13050432
03 16 28 31 32 01 09 13048704
13 24 31 32 33 03 09 13046976
06 08 12 17 18 05 10 13044384
04 07 29 32 33 08 10 13042656
05 06 10 22 25 01 09 13040928
13 17 25 27 28 02 03 13038336
02 15 22 33 35 05 08 13036608
09 15 16 19 29 04 06 13034880
13 21 22 29 31 07 11 13032288
11 21 24 26 31 06 07 13030560
02 08 23 33 35 05 10 13028832
06 09 18 30 32 10 12 13026240
04 05 11 13 25 03 06 13024512
03 07 15 18 20 01 06 13022784
01 11 14 22 34 06 08 13020192
07 09 11 13 33 10 12 13018464
01 12 14 22 24 10 12 13016736
03 18 29 30 33 08 09 13014144
03 04 13 15 32 04 09 13012416
03 06 09 17 27 03 09 13010688
03 19 24 29 33 03 09 13008096
07 16 23 31 33 03 10 13006368
12 17 19 22 35 04 11 13004640
15 19 25 30 33 03 08 13002048
03 09 17 24 28 06 12 13000320
01 02 13 17 28 01 04 12998592
05 14 25 34 35 02 05 12996000
01 09 15 20 29 07 09 12994272
08 09 25 28 29 02 10 12992544
12 15 16 20 33 08 12 12989952
05 13 16 18 24 02 12 12988224
09 14 24 25 34 01 04 12986496
01 09 13 17 30 02 08 12983904
09 12 19 22 28 01 05 12982176
08 21 23 27 33 06 11 12980448
16 22 24 32 34 02 10 12977856
16 19 24 26 31 02 04 12976128
15 20 30 33 35 06 09 12974400
08 18 19 22 23 01 03 12971808
02 14 20 21 24 02 09 12964032
05 08 14 28 30 04 06 12962304
03 12 19 25 30 08 11 12959712
02 17 23 24 30 02 09 12957984
04 08 10 14 27 05 07 12956256
09 10 11 14 24 03 08 12953664
01 23 26 27 30 05 06 12951936
14 24 32 33 35 02 09 12950208
02 08 16 26 35 11 12 12947616
01 07 25 27 30 07 12 12945888
07 08 10 23 25 07 09 12944160
01 24 27 30 31 01 06 12941568
11 13 27 28 29 02 06 12939840
07 08 15 32 34 05 12 12938112
06 07 16 24 35 04 06 12935520
02 05 18 22 23 07 12 12933792
01 10 32 33 35 03 08 12932064
05 24 28 29 35 01 09 12929472
05 22 24 25 30 01 06 12927744
03 04 08 10 35 02 06 12926016
01 15 19 21 23 11 12 12923424
14 17 30 31 34 04 10 12921696
18 19 27 28 33 03 06 12919968
02 11 16 22 31 10 11 12917376
10 16 18 22 27 06 08 12915648
10 11 19 21 27 04 06 12913920
05 11 17 23 33 03 10 12911328
06 18 20 30 31 03 06 12909600
03 13 16 19 29 07 09 12907872
08 12 14 19 27 05 06 12905280
22 27 28 33 35 09 11 12903552
03 13 18 30 33 07 08 12901824
14 17 19 26 32 03 04 12899232
09 12 13 19 30 04 05 12897504
11 16 17 21 22 03 06 12895776
18 21 23 25 29 06 11 12893184
10 15 22 28 29 04 12 12891456
05 06 09 10 34 08 11 12889728
14 15 24 25 26 03 07 12887136
06 17 19 29 35 02 08 12885408
03 22 24 30 33 04 10 12883680
03 05 09 13 33 05 11 12881088
01 07 09 14 19 09 12 12879360
01 09 27 29 34 01 06 12877632
18 20 30 32 33 01 11 12875040
05 06 11 13 26 02 07 12873312
21 22 31 32 34 02 12 12871584
08 10 18 34 35 06 10 12868992
05 13 14 23 26 02 03 12867264
19 22 23 29 35 08 10 12865536
04 06 21 27 34 05 09 12862944
14 22 27 28 35 04 10 12861216
05 07 10 15 32 03 08 12859488
03 07 22 25 35 03 11 12856896
05 16 22 23 32 04 10 12855168
14 15 18 34 35 08 10 12853440
03 06 13 14 29 01 02 12850848
21 29 30 33 35 07 11 12849120
01 02 08 11 25 10 12 12847392
01 10 13 19 34 09 12 12844800
14 17 22 27 34 03 05 12843072
05 27 28 29 34 09 12 12841344
05 17 26 27 35 08 09 12838752
14 25 30 32 33 01 11 12837024
10 14 29 30 35 05 08 12835296
04 15 19 24 35 01 10 12832704
11 15 22 27 35 05 08 12830976
19 20 30 33 35 06 08 12829248
03 11 17 21 30 01 08 12826656
02 03 12 13 25 01 07 12824928
09 17 21 28 29 02 08 12823200
04 09 24 30 35 01 10 12820608
12 14 16 19 25 01 06 12818880
20 32 33 34 35 06 07 12817152
02 04 09 28 29 05 08 12814560
02 15 29 30 34 02 12 12812832
06 10 23 26 31 05 07 12811104
08 24 26 31 32 07 09 12808512
04 10 13 18 23 08 10 12806784
03 05 14 30 35 03 06 12805056
01 12 20 21 24 02 08 12802464
01 02 12 19 35 05 07 12800736
02 10 16 18 34 02 03 12799008
03 13 14 22 26 02 05 12796416
07 11 21 22 35 04 07 12794688
05 08 24 29 30 04 06 12792960
14 18 20 24 27 05 10 12790368
08 19 27 29 34 04 10 12788640
01 04 21 22 24 02 05 12786912
02 03 15 28 35 01 11 12784320
06 07 09 17 24 02 12 12782592
09 12 16 19 35 02 12 12780864
10 12 17 23 27 05 07 12778272
03 07 20 27 32 02 12 12776544
04 09 11 30 32 01 11 12774816
05 10 17 23 25 03 10 12772224
07 12 26 30 32 02 07 12770496
05 14 23 25 28 11 12 12768768
06 17 18 25 29 08 09 12766176
11 17 19 20 34 06 10 12764448
01 11 19 30 32 03 10 12762720
15 21 22 24 27 01 06 12760128
05 08 13 14 32 08 11 12758400
07 10 12 20 21 06 09 12756672
07 14 16 30 31 03 06 12754080
06 07 18 30 31 07 08 12752352
05 12 14 17 22 05 07 12750624
10 13 22 33 34 01 05 12748032
06 10 14 25 34 01 03 12746304
06 15 17 19 30 01 12 12744576
15 17 24 32 35 07 09 12741984
05 09 23 25 30 09 12 12740256
13 14 17 27 32 02 10 12738528
12 25 29 30 33 10 11 12735936
09 19 22 26 34 09 11 12734208
04 06 25 29 32 05 06 12732480
06 10 20 24 32 06 10 12729888
07 08 15 30 35 05 10 12728160
01 25 29 31 33 04 10 12726432
02 03 10 12 25 03 09 12723840
04 08 11 30 31 02 08 12722112
02 15 19 26 27 05 06 12720384
08 17 18 20 28 09 10 12717792
06 21 24 28 30 02 07 12716064
05 08 10 33 35 02 10 12714336
01 05 19 34 35 06 07 12711744
16 22 28 29 34 04 12 12710016
13 20 26 31 35 02 11 12708288
07 19 26 28 32 01 08 12705696
08 10 25 29 33 01 02 12703968
19 21 26 34 35 01 09 12702240
19 25 28 31 33 01 08 12699648
14 16 20 31 34 01 07 12697920
01 06 19 25 26 03 09 12696192
12 19 28 29 30 05 08 12693600
13 16 23 24 33 07 11 12691872
05 13 16 17 35 06 08 12690144
10 12 19 32 35 02 07 12687552
21 22 33 34 35 03 04 12685824
01 02 07 20 35 01 03 12684096
05 23 26 32 34 02 09 12681504
05 23 25 31 35 07 10 12679776
09 11 13 14 25 01 07 12678048
03 14 19 24 25 04 11 12675456
11 13 29 32 33 02 08 12673728
02 11 13 14 25 02 05 12672000
11 20 23 24 25 07 09 12669408
08 18 26 32 33 01 06 12667680
03 11 19 26 27 02 09 12665952
03 10 26 32 33 04 12 12657312
13 21 23 27 34 09 12 12655584
10 12 20 23 32 04 10 12653856
03 10 14 18 28 08 10 12651264
18 19 30 33 35 02 04 12649536
18 21 22 26 34 09 12 12647808
20 24 30 31 33 05 12 12645216
02 03 11 27 32 08 11 12643488
15 22 24 32 35 02 09 12641760
02 05 13 27 32 03 11 12639168
11 23 25 31 32 05 11 12637440
07 23 26 29 32 08 11 12635712
03 13 19 30 34 02 05 12633120
04 17 19 22 30 02 03 12631392
03 06 21 24 34 04 06 12629664
05 14 23 27 30 02 08 12627072
04 23 25 26 30 07 10 12625344
02 06 07 12 27 02 08 12623616
21 22 30 32 34 03 07 12621024
01 23 29 30 32 07 12 12619296
03 08 14 30 31 04 09 12617568
04 11 18 25 34 05 07 12614976
01 03 10 12 20 02 07 12613248
02 04 13 14 33 01 09 12611520
06 12 18 22 29 05 08 12608928
11 17 23 24 25 03 06 12607200
05 11 14 22 35 03 10 12605472
18 26 32 33 34 04 06 12602880
01 09 10 11 22 01 12 12601152
05 06 13 24 31 03 11 12599424
13 14 21 30 33 02 08 12596832
07 08 19 26 30 01 12 12595104
14 16 20 22 32 05 09 12593376
03 04 14 28 32 09 10 12590784
12 28 29 30 34 01 09 12589056
07 13 23 24 29 06 10 12587328
06 08 15 20 32 05 06 12584736
02 16 19 28 33 07 11 12583008
01 08 24 27 34 10 11 12581280
02 10 12 15 28 04 07 12578688
02 03 08 33 34 03 11 12576960
09 14 25 32 34 02 08 12575232
02 10 18 32 33 03 08 12572640
06 21 28 32 34 04 07 12570912
05 09 27 32 34 05 08 12569184
14 23 27 28 33 08 12 12566592
08 20 23 29 31 02 11 12564864
01 03 14 32 35 07 11 12563136
10 21 28 29 32 06 10 12560544
01 02 11 31 33 05 06 12558816
04 05 08 11 22 02 10 12557088
11 23 27 28 32 02 05 12554496
03 12 22 23 28 04 12 12552768
10 17 18 21 34 05 11 12551040
07 21 29 31 33 09 10 12548448
12 15 23 30 33 09 12 12546720
01 02 06 08 26 05 12 12544992
02 08 25 29 33 03 07 12542400
03 04 10 18 27 06 08 12540672
02 08 12 34 35 04 05 12538944
04 11 13 19 35 10 12 12536352
22 28 30 31 34 07 09 12534624
02 11 13 26 35 06 10 12532896
01 09 14 29 30 07 10 12530304
11 12 33 34 35 01 10 12528576
11 21 22 25 34 06 09 12526848
01 25 26 34 35 06 11 12524256
15 25 29 32 33 10 11 12522528
16 20 28 32 33 01 02 12520800
11 13 29 32 35 10 12 12518208
02 10 14 22 26 04 09 12516480
16 20 25 29 33 01 08 12514752
03 09 21 23 33 06 10 12512160
11 17 19 25 26 02 10 12510432
06 13 14 22 25 01 04 12508704
07 12 28 32 33 01 03 12506112
08 18 24 30 33 01 06 12504384
01 05 21 23 29 05 12 12502656
07 09 22 30 33 09 11 12500064
10 21 22 27 29 08 12 12498336
01 05 17 32 34 03 07 12496608
18 25 30 33 34 04 10 12494016
03 06 11 19 27 02 07 12492288
13 16 27 32 34 03 09 12490560
10 24 28 30 33 01 10 12487968
01 02 07 26 29 10 12 12486240
06 13 27 33 34 09 12 12484512
05 09 19 26 35 02 10 12481920
02 05 28 34 35 01 07 12480192
05 11 26 29 32 08 11 12478464
02 15 20 25 33 03 06 12475872
07 16 19 29 35 02 11 12474144
01 02 07 13 34 04 10 12472416
11 23 26 31 34 05 11 12469824
07 20 28 32 34 06 08 12468096
03 09 11 18 24 04 05 12466368
01 07 11 32 33 09 11 12463776
15 17 19 23 32 01 11 12462048
01 10 19 21 30 01 04 12460320
23 26 29 32 33 05 10 12457728
04 20 29 30 33 02 11 12456000
10 21 24 30 31 03 10 12454272
14 16 27 30 33 08 12 12451680
02 12 15 20 28 01 12 12449952
03 06 25 28 32 02 05 12448224
01 08 19 24 31 06 12 12445632
01 12 24 27 32 02 11 12443904
06 10 11 17 34 11 12 12442176
05 06 18 21 22 01 07 12439584
04 22 23 29 31 05 11 12437856
02 10 21 26 34 02 10 12436128
18 28 29 30 31 04 08 12433536
02 13 14 29 33 04 11 12431808
08 10 14 27 32 02 07 12430080
06 15 22 27 30 02 09 12427488
04 13 17 32 35 03 06 12425760
05 08 14 23 24 05 06 12424032
02 12 19 29 30 07 12 12421440
05 09 24 31 33 05 06 12419712
23 24 30 34 35 01 03 12417984
03 11 22 26 29 05 12 12415392
05 15 28 32 33 08 09 12413664
05 16 28 29 34 11 12 12411936
05 06 22 25 27 11 12 12409344
13 18 21 24 29 03 06 12407616
01 09 24 34 35 04 09 12405888
01 09 14 24 35 06 09 12403296
01 07 18 29 34 03 09 12401568
05 21 22 32 35 02 05 12399840
11 24 25 26 31 02 07 12397248
05 09 20 23 29 04 10 12395520
03 16 30 32 33 01 10 12393792
01 03 07 10 33 03 04 12391200
06 17 20 29 32 04 05 12389472
17 18 19 25 31 01 11 12387744
02 12 26 31 33 09 10 12385152
03 07 09 28 33 03 08 12383424
05 19 31 32 35 04 09 12381696
02 08 18 21 32 08 11 12379104
04 12 20 26 29 06 10 12377376
07 11 19 21 22 01 11 12375648
01 07 27 30 32 01 04 12373056
03 04 13 17 24 04 11 12371328
06 20 30 32 35 09 11 12369600
03 22 26 33 34 09 10 12367008
24 30 31 32 34 10 12 12365280
03 17 22 23 33 04 10 12363552
29 31 32 33 35 10 11 12360960
15 17 21 27 33 07 11 12359232
12 14 17 34 35 04 11 12357504
01 15 31 32 34 03 08 12354912
05 16 18 32 35 02 11 12353184
04 29 31 32 35 04 10 12351456
01 06 13 28 29 03 09 12348864
05 11 23 26 33 04 12 12347136
10 11 20 26 27 09 11 12345408
01 05 10 16 27 03 04 12342816
08 14 15 25 26 07 09 12341088
05 24 26 30 35 05 12 12339360
02 05 20 25 31 10 12 12336768
02 11 13 14 21 02 04 12335040
02 09 12 21 29 07 11 12327264
12 18 23 26 32 06 09 12324672
04 17 21 29 31 02 12 12322944
06 14 15 29 35 06 11 12321216
02 04 22 31 35 09 12 12318624
10 11 15 31 32 05 08 12316896
01 03 22 32 35 06 10 12315168
16 18 23 30 32 02 11 12312576
01 04 07 12 30 05 10 12310848
01 15 23 27 30 04 10 12309120
05 07 10 29 32 04 06 12306528
02 04 06 25 26 02 05 12304800
03 05 14 20 33 07 11 12303072
07 10 27 31 34 08 09 12300480
01 09 10 15 25 03 08 12298752
02 05 06 27 29 03 04 12297024
03 07 20 33 35 04 07 12294432
16 18 19 24 35 11 12 12292704
09 23 24 26 33 07 12 12290976
05 16 27 29 30 05 11 12288384
10 19 27 28 33 05 12 12286656
01 02 22 29 32 01 04 12284928
06 18 21 30 35 08 09 12282336
09 15 18 30 34 04 05 12280608
02 09 11 29 32 08 09 12278880
01 06 10 14 22 06 08 12276288
04 05 18 22 35 07 08 12274560
01 10 25 32 35 05 09 12272832
03 28 29 32 34 01 06 12270240
07 22 25 29 33 01 12 12268512
11 13 15 28 35 08 10 12266784
10 12 15 33 35 03 09 12264192
06 14 24 27 29 05 09 12262464
08 09 12 21 32 07 11 12260736
03 05 22 29 34 07 12 12258144
13 16 20 25 27 04 05 12256416
12 15 23 24 25 10 11 12254688
08 21 22 31 33 01 07 12252096
09 29 32 34 35 01 08 12250368
01 04 28 33 34 06 11 12248640
02 10 13 29 33 06 10 12246048
01 06 12 28 31 08 09 12244320
03 06 12 20 29 09 12 12242592
11 23 24 32 35 04 10 12240000
21 23 24 25 32 03 04 12238272
01 02 10 19 27 01 11 12236544
06 09 19 25 30 06 12 12233952
13 23 24 25 30 02 08 12232224
06 08 15 24 31 01 03 12230496
07 09 19 21 33 07 10 12227904
02 03 22 27 31 06 07 12226176
11 14 17 19 22 01 08 12224448
04 18 26 32 33 05 08 12221856
02 11 12 14 19 05 09 12220128
05 16 25 27 33 04 09 12218400
01 10 18 28 34 05 08 12215808
11 16 24 29 32 09 11 12214080
01 02 13 15 16 04 09 12212352
03 05 21 28 33 02 06 12209760
12 21 22 26 35 04 05 12208032
07 08 10 24 34 08 11 12206304
02 11 22 30 34 04 09 12203712
05 25 26 29 35 03 10 12201984
10 13 23 31 33 04 11 12200256
12 20 26 29 30 02 06 12197664
03 18 23 25 30 06 10 12195936
07 10 22 27 33 04 08 12194208
01 10 31 33 35 03 10 12191616
06 07 12 25 28 02 12 12189888
03 04 11 21 25 01 07 12188160
07 12 19 27 34 11 12 12185568
06 07 10 24 30 05 08 12183840
03 23 26 32 34 04 09 12182112
09 13 19 22 25 04 10 12179520
04 11 18 33 34 02 06 12177792
08 13 24 32 33 03 09 12176064
07 11 19 27 31 02 03 12173472
14 22 32 33 35 01 05 12171744
01 06 10 22 35 03 07 12170016
03 07 13 15 19 02 10 12167424
02 17 20 22 25 05 11 12165696
06 14 15 30 31 03 10 12163968
15 19 29 33 35 01 02 12161376
07 08 20 22 29 04 07 12159648
06 09 29 31 33 05 11 12157920
20 23 26 32 33 05 12 12155328
08 17 20 28 31 07 11 12153600
01 08 21 33 34 05 07 12151872
03 05 10 27 34 01 12 12149280
01 10 13 30 33 06 07 12147552
10 13 22 31 35 04 12 12145824
02 05 06 07 31 08 10 12143232
10 25 32 33 34 03 09 12141504
01 05 11 14 25 01 09 12139776
09 17 18 21 31 01 05 12137184
05 13 16 29 33 06 08 12135456
06 09 11 33 34 06 10 12133728
03 10 14 15 22 04 07 12131136
02 07 21 22 25 04 12 12129408
19 22 23 25 32 06 12 12127680
14 18 24 27 31 06 07 12125088
07 11 24 30 35 06 08 12123360
01 15 27 28 29 03 10 12121632
07 10 14 19 32 03 06 12119040
03 13 17 23 30 01 11 12117312
07 13 21 25 31 08 10 12115584
03 09 11 29 33 03 12 12112992
05 08 09 17 33 05 06 12111264
15 19 25 30 31 03 09 12109536
02 14 28 30 35 04 12 12106944
05 14 23 31 35 02 06 12105216
01 13 21 23 32 03 06 12103488
03 18 19 30 35 05 09 12100896
01 07 09 11 33 03 11 12099168
01 05 11 26 27 03 07 12097440
01 11 14 28 30 03 10 12094848
01 13 22 25 27 02 10 12093120
12 18 22 23 30 06 12 12091392
11 25 26 27 35 07 08 12088800
14 32 33 34 35 02 04 12087072
02 21 23 27 32 10 11 12085344
05 08 10 31 33 02 04 12082752
05 10 13 32 35 04 05 12081024
07 17 21 22 28 05 10 12079296
04 08 19 22 29 08 11 12076704
07 11 15 27 35 04 07 12074976
12 13 19 32 33 02 10 12073248
11 20 24 31 35 04 10 12070656
09 19 22 30 32 01 10 12068928
02 12 13 29 30 05 07 12067200
06 07 18 34 35 05 10 12064608
03 10 21 23 30 01 09 12062880
03 09 19 27 33 09 10 12061152
14 20 23 27 28 02 04 12058560
03 21 23 26 35 05 08 12056832
06 11 18 29 30 04 11 12055104
03 11 17 19 26 07 12 12052512
05 17 23 31 32 04 08 12050784
01 21 22 24 25 08 10 12049056
06 10 12 15 28 04 12 12046464
08 12 17 20 30 01 02 12044736
06 26 31 32 34 07 10 12043008
09 12 13 25 31 08 10 12040416
05 10 13 21 24 04 09 12038688
04 05 15 17 33 04 08 12036960
08 24 25 29 31 04 05 12034368
03 06 07 11 30 02 03 12032640
02 14 25 29 32 01 06 12030912
08 10 11 17 19 06 09 12028320
09 18 20 27 33 06 09 12020544
04 07 10 28 34 01 06 12018816
01 11 19 22 35 05 09 12016224
02 10 29 32 35 02 03 12014496
14 20 22 24 27 07 10 12012768
06 23 24 27 29 06 08 12010176
04 08 12 24 30 05 08 12008448
02 06 08 17 32 08 09 12006720
03 04 05 12 28 03 12 12004128
10 12 26 29 34 05 07 12002400
18 25 29 31 34 09 10 12000672
09 22 24 31 33 08 09 11998080
01 11 13 32 35 02 07 11996352
01 12 24 31 32 10 12 11994624
01 02 11 34 35 03 10 11992032
06 08 16 25 27 08 12 11990304
06 19 27 28 29 06 10 11988576
07 12 26 31 32 03 08 11985984
04 20 24 31 33 09 12 11984256
08 13 24 30 34 01 12 11982528
17 18 21 23 33 06 10 11979936
08 18 30 31 33 04 09 11978208
14 18 19 26 28 03 09 11976480
17 24 28 29 33 02 05 11973888
05 11 18 29 34 10 11 11972160
01 05 20 21 24 03 04 11970432
03 05 14 33 34 07 08 11967840
06 18 20 22 35 04 09 11966112
01 15 20 25 27 05 10 11964384
06 09 25 26 31 02 08 11961792
09 12 14 22 23 01 02 11960064
04 06 12 13 24 01 04 11958336
02 09 12 15 31 09 10 11955744
05 11 20 30 32 07 11 11954016
16 17 23 24 31 05 10 11952288
04 05 09 12 23 02 11 11949696
21 24 26 27 33 01 05 11947968
10 22 32 33 35 01 07 11946240
07 26 29 30 35 03 04 11943648
02 13 16 21 35 01 05 11941920
04 09 13 14 33 06 10 11940192
11 18 25 30 31 04 09 11937600
04 07 08 19 24 07 12 11935872
19 20 24 29 31 09 10 11934144
02 16 32 33 35 05 10 11931552
10 31 33 34 35 07 12 11929824
01 04 10 14 29 11 12 11928096
02 10 19 28 29 02 09 11925504
12 13 29 30 31 04 07 11923776
04 15 23 31 33 03 09 11922048
08 21 25 28 33 02 06 11919456
14 16 30 32 35 06 07 11917728
04 11 17 20 21 05 09 11916000
10 16 24 31 33 07 10 11913408
04 10 19 29 34 03 06 11911680
11 16 19 21 25 01 10 11909952
01 14 29 32 33 05 10 11907360
03 07 24 28 35 08 11 11905632
13 21 22 30 35 01 11 11903904
09 10 15 17 32 04 06 11901312
08 25 26 29 35 06 08 11899584
01 06 15 19 35 02 09 11899584
04 16 18 23 30 01 10 11895264
09 16 20 26 35 11 12 11893536
04 05 07 12 26 01 10 11891808
04 09 22 24 31 02 06 11889216
07 10 22 31 35 05 06 11887488
03 16 17 22 35 01 08 11885760
05 21 25 28 35 01 04 11883168
10 11 20 21 35 07 11 11881440
06 21 25 27 32 08 09 11879712
01 06 07 17 31 11 12 11877120
15 18 21 27 34 01 02 11875392
07 11 16 31 32 01 12 11873664
06 08 11 13 22 02 11 11871072
01 05 08 14 22 03 12 11869344
01 13 21 23 32 04 11 11867616
03 21 27 31 32 06 08 11865024
11 14 27 33 35 02 07 11863296
15 22 25 29 35 09 11 11861568
20 26 30 34 35 03 10 11858976
02 03 10 19 27 06 10 11857248
05 09 13 33 35 01 08 11855520
22 24 26 27 34 02 10 11852928
06 16 20 25 31 04 09 11851200
08 10 23 32 34 08 10 11849472
08 10 12 23 25 03 10 11846880
02 04 24 29 33 01 02 11845152
02 06 11 12 18 05 12 11843424
03 06 17 22 23 04 06 11840832
03 04 16 23 28 06 09 11839104
13 14 29 32 34 03 12 11837376
01 14 19 24 31 03 12 11834784
02 08 12 13 17 11 12 11833056
01 02 07 29 32 06 07 11831328
12 17 27 29 34 06 09 11828736
03 12 15 29 34 07 11 11827008
29 32 33 34 35 09 10 11825280
06 08 18 29 34 09 11 11822688
01 03 09 19 34 09 12 11820960
02 08 11 21 23 04 07 11819232
14 16 25 26 35 04 09 11816640
01 16 20 23 28 03 06 11814912
01 09 19 20 30 02 11 11813184
06 10 16 17 25 02 04 11810592
03 04 18 23 32 01 06 11808864
15 22 31 34 35 05 12 11807136
22 24 29 31 35 04 11 11804544
